100
84 45
63 54
76 66
73 33
49 86
14 94
13 82
9 88
78 97
59 58
96 18
8 47
55 18
52 18
48 95
64 92
10 31
24 8
42 32
16 17
86 45
84 57
78 8
53 34
41 7
66 17
89 20
59 82
92 46
82 30
3 74
0 94
39 71
50 26
94 91
5 22
0 10
80 76
48 2
26 53
23 52
76 22
47 89
96 45
32 17
56 90
60 78
14 48
29 7
93 24
26 4
10 92
23 25
56 29
93 5
78 95
82 84
16 74
97 18
33 18
7 93
40 1
98 39
81 82
87 32
64 82
40 62
97 50
55 38
74 55
10 64
50 70
75 67
55 32
80 11
16 63
69 96
77 12
19 0
27 83
57 46
39 33
92 10
47 81
4 61
42 55
63 49
26 11
95 29
48 69
12 3
87 22
42 16
77 85
36 22
23 41
87 93
83 68
4 23
93 9
90 94
63 7
51 28
26 13
89 75
91 27
0 79
3 83
91 55
16 2
28 28
12 14
34 26
3 19
86 94
13 66
70 93
41 62
14 30
10 94
81 27
89 36
5 2
64 96
82 51
70 14
45 23
56 7
32 63
16 35
55 39
4 91
10 42
41 49
6 34
50 72
83 86
17 16
6 37
26 99
69 75
80 10
8 6
85 11
35 69
97 3
14 49
94 65
52 97
90 77
61 41
86 92
71 61
24 97
92 67
33 45
95 42
78 36
60 94
16 52
98 29
98 59
12 72
95 76
59 19
53 23
84 35
26 6
33 62
9 97
11 61
29 54
84 30
38 38
86 42
97 60
21 97
88 32
20 45
86 96
59 70
41 22
74 39
45 78
34 90
40 31
23 42
49 34
56 42
35 0
10 27
56 52
68 78
58 84
92 36
57 89
81 67
98 19
28 18
29 35
4 6
62 4
79 11
79 56
71 66
22 96
48 80
9 12
23 49
32 5
90 48
54 74
71 46
65 93
74 59
56 74
5 4
31 74
43 47
46 42
98 54
77 56
91 34
60 99
26 56
91 71
46 89
59 20
11 4
21 44
40 66
87 43
8 46
37 51
5 31
29 46
4 78
68 91
95 8
37 66
86 1
91 4
42 61
10 95
11 95
15 24
41 80
31 14
2 10
70 26
19 7
13 4
0 65
18 14
58 67
7 38
98 50
91 46
48 21
65 41
54 17
65 1
26 14
9 62
58 60
90 37
42 82
20 61
19 99
34 71
16 96
26 97
95 36
72 68
58 75
16 8
50 8
22 36
45 1
38 8
48 28
33 68
21 90
20 13
79 64
43 79
74 43
70 33
99 51
47 19
62 72
45 58
68 8
90 70
20 77
58 94
76 70
89 34
80 85
11 45
95 31
15 10
82 17
17 61
41 86
22 37
27 22
69 47
74 35
68 11
11 86
66 60
75 63
7 41
67 12
64 52
33 92
50 23
78 96
30 67
31 37
12 11
4 65
53 13
5 66
76 30
0 41
59 81
4 56
84 37
54 95
3 30
75 74
84 16
21 0
11 85
20 90
98 76
80 95
92 52
70 97
75 22
29 25
54 96
12 34
16 29
63 96
11 64
71 49
66 91
7 62
59 85
65 32
94 26
18 27
70 83
70 59
81 97
92 33
33 30
83 94
70 3
81 11
83 97
68 90
49 99
67 17
10 78
63 0
27 20
33 80
9 52
46 30
23 5
52 91
65 10
96 50
69 35
25 28
80 31
87 70
39 40
82 49
61 68
11 54
39 38
21 19
25 46
71 92
21 27
22 94
15 83
26 50
21 72
50 47
99 56
32 49
48 11
46 53
8 65
64 22
61 91
12 90
50 52
32 3
34 33
66 22
67 98
53 54
91 5
80 71
59 88
49 17
31 70
32 75
22 52
62 24
80 41
93 32
41 56
41 1
86 63
42 37
97 71
50 61
25 15
3 81
88 22
73 67
43 22
64 3
90 24
14 89
92 81
31 3
71 95
52 31
1 83
53 63
56 76
88 70
7 25
72 86
42 29
2 32
42 44
64 84
19 67
89 29
88 44
42 89
16 58
42 27
47 92
27 82
3 58
21 40
77 72
26 2
70 34
3 72
89 70
7 37
38 43
52 40
66 23
49 61
81 88
27 31
85 52
61 4
9 14
7 4
50 58
69 44
21 92
25 82
16 46
27 81
63 92
34 46
48 73
45 82
58 4
24 56
6 60
68 83
36 46
9 45
20 80
39 64
51 20
17 74
12 35
87 4
65 36
42 35
19 36
61 27
91 40
22 55
45 59
13 70
19 59
63 98
76 29
64 16
33 12
6 81
19 89
15 95
85 26
19 25
69 5
5 9
38 97
32 15
80 5
21 38
53 41
71 60
43 1
43 80
29 28
53 81
20 35
15 46
98 63
85 56
2 38
87 61
17 18
21 28
80 35
24 48
56 8
90 50
1 98
91 79
18 8
60 77
91 26
0 46
31 39
60 95
11 48
28 95
25 14
31 13
41 14
35 75
70 92
23 14
38 45
26 62
11 93
54 68
80 94
73 35
69 78
53 22
41 10
60 71
12 13
76 36
26 88
2 6
19 71
92 74
92 50
9 81
3 78
65 70
79 51
27 35
86 52
41 41
78 66
43 68
29 72
22 82
25 37
67 75
75 68
33 97
5 67
15 41
45 43
0 15
60 85
13 6
86 84
57 25
48 70
92 48
74 33
62 40
32 23
80 26
24 60
34 8
31 20
60 7
82 14
39 93
15 99
54 91
25 40
6 79
32 38
56 51
87 72
85 84
95 28
66 40
71 29
59 24
4 81
47 59
3 45
0 31
43 2
46 9
82 88
60 43
83 66
68 29
64 69
36 0
37 64
35 70
55 57
30 13
48 86
81 20
98 52
22 44
19 73
1 37
81 9
35 93
19 6
9 22
41 68
19 63
8 71
35 5
66 50
33 22
17 58
94 69
48 37
42 53
95 13
45 91
94 84
19 28
82 13
96 62
22 16
80 74
20 75
56 35
66 27
48 16
32 51
10 86
11 59
84 43
78 83
87 64
67 85
30 65
62 20
34 11
0 21
50 56
49 52
79 70
33 65
50 20
14 57
24 35
36 55
52 5
2 85
54 45
71 96
45 20
89 96
85 74
54 20
12 31
67 80
38 49
86 44
25 51
27 32
2 37
73 56
36 83
51 4
75 44
82 44
75 80
80 65
29 69
56 84
31 79
1 5
67 84
97 73
64 63
76 64
20 64
95 72
35 32
27 54
11 90
34 38
66 41
72 58
52 58
79 60
29 38
31 2
87 14
54 83
85 79
56 64
34 80
41 57
61 55
56 5
78 64
20 78
89 73
53 82
78 7
38 28
89 2
55 58
56 80
95 78
92 84
51 5
93 11
81 96
71 77
60 47
22 68
4 17
20 41
16 61
27 24
53 86
18 39
84 34
88 90
61 12
69 74
17 39
11 16
8 41
16 26
88 96
99 5
89 1
63 82
91 37
98 32
0 64
22 73
77 89
65 68
14 77
62 42
74 65
73 32
4 35
73 62
13 61
2 40
74 26
63 26
73 49
21 33
55 6
55 53
40 83
14 44
1 46
54 79
18 65
79 90
40 28
24 10
28 62
40 33
17 15
32 58
24 88
21 65
22 97
62 39
45 19
72 53
55 19
30 33
79 67
11 53
50 24
97 87
70 44
72 98
82 38
10 71
74 41
57 41
6 24
75 16
41 85
50 28
86 47
15 29
76 1
43 27
69 26
95 69
91 29
88 65
1 10
60 21
72 57
77 47
19 40
71 50
10 8
74 17
37 79
30 24
33 87
12 39
87 46
21 16
3 77
6 76
98 99
28 74
23 55
63 88
62 97
53 94
25 35
53 21
35 50
13 88
56 85
18 80
52 53
83 1
84 2
80 55
99 25
2 95
26 71
56 47
20 21
93 47
18 18
39 15
54 32
94 2
93 10
82 2
53 69
82 22
0 33
90 9
23 30
83 92
5 73
75 94
40 93
14 78
33 94
32 4
44 1
54 94
74 91
84 99
44 55
57 75
75 82
14 75
63 28
33 61
0 80
76 41
2 63
70 19
68 56
98 95
30 58
99 85
17 53
79 0
38 40
91 24
15 8
53 96
86 53
35 2
35 77
76 58
77 35
73 26
12 41
94 37
14 97
77 19
32 39
58 88
41 42
59 31
8 3
94 24
2 47
54 85
69 52
17 26
21 67
52 39
96 91
30 9
75 46
50 25
8 7
6 70
58 77
28 73
18 3
66 53
65 14
51 79
71 47
83 96
86 89
58 32
23 48
72 12
60 37
22 93
99 78
29 10
15 34
35 23
89 50
4 27
18 55
70 57
36 21
1 85
30 45
54 53
6 90
39 91
34 86
57 57
19 51
78 52
99 42
58 3
42 0
51 44
9 13
79 73
40 58
41 37
31 50
64 68
33 38
53 51
15 28
37 13
68 33
68 39
14 25
2 52
48 23
7 64
28 6
77 90
81 17
74 46
48 0
23 88
87 63
33 48
87 21
41 54
21 88
17 49
22 25
80 70
49 28
35 30
68 22
51 85
43 83
19 42
74 45
73 43
60 17
49 36
8 84
86 15
96 98
7 92
40 74
82 86
80 69
23 26
96 24
53 6
68 71
13 48
20 54
46 15
51 30
92 39
46 22
57 60
70 37
80 9
4 46
80 28
52 71
44 72
43 19
65 28
61 2
42 3
41 0
8 2
81 66
94 4
21 66
24 26
14 68
92 62
16 84
89 64
83 30
79 72
69 59
27 46
67 57
40 46
47 64
99 76
23 84
99 41
93 39
18 73
2 71
49 57
62 10
58 18
2 76
85 67
94 27
15 51
52 89
37 86
49 45
99 77
95 56
24 0
73 12
9 64
57 26
60 34
88 88
79 15
99 99
88 53
25 26
40 60
24 3
5 80
69 82
44 30
23 0
78 43
61 59
56 20
11 57
69 12
70 95
72 30
77 21
34 41
13 75
94 73
11 52
60 57
65 72
28 12
40 37
46 17
22 59
43 85
40 29
69 40
74 24
15 40
82 94
48 43
3 23
23 53
91 12
57 69
65 62
67 52
46 59
55 8
70 88
68 13
7 27
71 8
83 38
61 95
79 75
6 95
92 12
99 52
60 84
66 96
70 89
54 26
59 75
46 54
35 9
10 91
65 44
87 56
79 89
98 13
20 3
86 3
2 30
78 65
12 88
52 72
3 8
33 98
6 77
48 54
94 81
20 96
81 0
97 80
55 33
65 90
96 63
38 30
67 24
6 78
10 79
23 64
96 88
62 49
86 4
27 51
22 5
97 27
26 78
43 60
90 93
16 33
15 60
16 24
15 20
87 15
23 96
56 93
18 52
88 69
26 5
7 36
82 63
42 21
38 10
83 7
28 19
83 32
6 61
25 79
5 83
84 5
78 42
25 22
56 3
48 5
93 78
62 64
86 32
11 1
98 74
47 39
40 87
38 59
85 45
93 58
52 80
54 4
71 51
3 1
85 96
33 15
2 5
1 38
41 11
61 79
22 40
85 94
43 67
50 33
90 83
7 51
28 29
77 46
22 61
73 68
17 76
21 3
63 20
7 71
24 85
83 17
12 46
48 93
39 46
24 51
61 19
98 1
98 51
10 75
67 43
23 63
0 16
25 87
55 73
8 45
7 24
74 71
28 38
52 38
78 78
73 85
80 63
94 29
68 60
82 78
60 96
27 11
22 85
54 18
68 86
48 99
51 36
29 31
37 78
9 36
39 30
44 11
69 89
18 26
2 44
82 55
6 66
19 16
19 43
74 57
95 88
82 15
82 56
11 69
29 2
78 11
14 21
18 29
61 34
38 48
20 65
79 52
8 51
13 33
30 72
24 92
83 72
25 81
48 52
15 84
11 26
26 89
21 29
60 22
31 35
9 26
31 55
40 82
51 26
21 43
91 97
80 59
12 99
54 92
88 48
75 52
4 89
26 58
79 21
73 29
31 92
94 64
87 36
14 39
7 29
93 97
26 54
65 89
93 74
55 37
39 26
72 23
13 8
27 10
97 52
18 21
45 10
97 42
90 84
54 97
87 41
17 67
35 43
24 81
12 86
63 43
31 45
94 98
59 9
75 96
38 36
6 43
93 98
55 72
96 89
69 80
22 74
76 77
41 58
27 41
92 49
4 28
46 95
71 76
16 31
39 62
31 19
45 62
55 70
44 57
44 67
86 27
64 76
70 17
19 53
66 90
71 18
41 61
23 36
86 0
51 1
23 78
43 90
28 0
0 70
11 30
22 24
17 6
60 49
51 90
52 47
5 91
20 99
81 87
30 95
2 68
92 86
4 44
83 78
6 46
73 2
51 35
90 72
83 14
88 35
17 98
50 69
93 86
24 77
9 30
8 83
1 68
20 7
58 86
57 28
82 18
2 20
61 18
59 16
63 67
25 62
78 20
37 87
9 32
3 75
27 8
0 38
0 55
95 11
60 39
49 29
33 72
1 47
82 70
69 60
58 28
19 75
38 2
37 59
95 62
49 95
72 48
9 76
27 15
4 26
89 55
66 45
74 75
15 65
29 78
72 49
10 90
26 73
94 90
68 73
73 78
33 4
81 18
27 87
81 46
19 74
74 50
29 5
27 5
73 31
5 62
85 16
7 65
85 64
98 26
98 98
67 46
31 76
95 70
86 36
13 58
74 92
61 9
18 90
62 18
11 87
59 35
28 66
98 46
76 87
76 15
5 29
70 68
40 79
2 54
52 88
50 54
32 50
3 35
95 68
98 81
34 56
72 51
59 3
2 13
16 98
2 3
58 42
55 89
95 0
1 16
38 58
14 73
1 25
72 55
43 20
83 15
1 31
90 62
55 10
95 34
71 73
69 36
98 45
90 16
49 0
38 15
85 22
7 69
45 45
7 35
10 16
36 5
87 52
50 22
82 93
16 41
17 13
98 16
25 34
5 30
46 84
26 95
47 53
20 8
67 92
8 14
97 49
82 12
50 82
57 22
22 35
26 52
40 35
10 51
79 33
86 7
81 2
68 63
5 21
77 63
47 16
68 50
51 65
93 91
43 3
23 17
3 85
30 20
3 80
72 70
91 60
84 14
74 31
41 97
16 11
25 77
26 35
69 50
55 21
38 37
32 84
34 69
60 91
48 25
25 97
42 31
39 32
67 50
56 45
2 55
29 94
95 54
50 68
12 43
81 38
31 31
30 80
99 8
82 5
48 41
53 0
4 62
68 99
74 77
47 93
38 50
42 66
96 41
17 54
36 77
45 88
53 28
37 68
1 11
51 59
46 85
4 1
72 97
69 56
92 26
76 80
34 49
41 25
13 57
68 92
45 17
34 70
15 15
65 95
67 39
63 80
14 76
20 12
43 58
94 68
36 34
19 39
79 7
48 19
57 37
69 95
35 14
28 54
86 46
20 63
84 40
66 64
82 26
97 12
44 99
16 34
4 11
36 65
93 51
59 4
24 65
78 18
46 35
71 33
68 52
21 14
5 48
56 6
34 84
57 29
34 42
23 11
61 33
81 22
24 7
90 57
31 34
64 80
75 38
26 57
54 19
62 78
20 82
52 2
43 65
99 35
86 38
43 71
45 84
7 15
87 20
96 81
94 7
82 20
38 55
15 43
14 50
2 1
42 78
10 41
97 25
4 99
27 33
63 23
56 21
95 18
85 54
60 5
78 37
87 76
73 27
91 0
15 90
20 59
35 51
4 57
83 74
7 45
9 98
78 76
63 55
91 8
93 48
48 75
45 55
25 73
8 93
16 30
36 30
69 93
53 70
42 48
70 15
88 63
38 79
15 12
7 57
2 90
18 64
59 72
97 26
6 52
39 95
57 45
58 41
1 99
3 90
45 69
90 20
88 43
20 32
98 2
37 56
37 65
49 66
47 23
57 58
24 72
55 95
89 4
43 8
43 96
16 91
84 36
23 79
12 79
45 74
41 13
30 87
9 16
14 19
40 97
21 76
55 54
98 12
6 17
28 69
55 1
88 93
39 68
23 23
49 55
59 52
49 48
53 15
29 1
36 76
55 81
42 97
51 57
26 81
31 5
94 72
75 48
26 67
54 70
8 87
73 16
62 83
27 62
23 44
32 43
80 4
16 25
8 30
12 23
36 24
28 72
36 85
42 2
70 87
90 6
18 31
14 87
62 68
35 57
61 69
51 70
63 18
13 67
29 81
67 69
13 78
83 33
64 72
42 90
29 52
30 74
34 93
90 14
70 36
74 30
81 32
48 15
31 43
49 91
25 84
76 19
65 29
36 60
89 25
52 7
47 31
27 44
7 91
69 77
60 31
8 34
62 41
21 24
20 46
16 40
61 81
63 11
0 95
4 51
81 99
92 56
19 86
30 29
87 9
80 1
22 11
50 49
96 70
52 35
28 90
3 20
70 23
18 38
21 41
48 30
36 1
59 86
53 84
44 31
64 97
54 80
82 83
33 17
53 11
85 32
45 76
72 28
56 78
5 98
14 14
61 35
29 58
35 55
63 59
20 48
35 26
69 18
41 8
98 18
26 61
17 64
57 97
75 90
11 73
33 1
18 0
25 65
37 19
23 99
18 81
2 46
38 53
24 93
14 58
80 15
88 77
35 98
49 44
24 87
12 82
10 58
16 77
31 89
42 80
63 13
85 15
86 69
96 94
96 4
38 87
69 84
83 22
49 70
30 91
83 9
75 21
64 74
75 79
46 72
74 13
72 89
79 55
20 93
68 61
28 49
25 17
43 93
28 3
1 75
92 82
16 57
54 36
73 36
65 58
46 69
88 83
47 30
50 94
39 13
58 30
47 71
81 98
19 64
46 96
11 99
49 11
79 18
84 54
29 63
14 95
48 64
87 59
14 85
1 51
18 83
99 64
30 47
3 95
17 23
27 59
34 25
83 90
83 5
61 16
24 11
43 66
47 27
62 27
26 3
59 42
46 16
47 33
5 20
20 73
78 84
75 72
18 88
80 84
57 54
58 87
50 85
13 52
21 93
57 36
27 48
17 2
77 65
94 61
44 33
77 57
97 21
90 87
46 56
52 28
85 40
46 36
59 38
9 0
21 57
46 68
98 34
18 40
46 50
6 9
12 16
35 96
39 73
42 95
92 38
64 48
73 17
28 1
97 76
95 95
7 96
38 12
5 3
82 7
58 55
72 52
28 21
98 9
22 81
67 76
84 60
78 81
10 0
68 36
28 52
95 98
22 70
74 18
93 72
3 86
16 87
23 94
47 45
82 61
76 0
7 95
48 61
42 45
85 8
82 72
52 86
90 32
5 28
1 41
33 85
77 74
61 62
87 51
64 46
55 56
80 37
71 39
35 46
45 25
85 88
85 82
26 1
12 93
39 5
89 48
44 37
87 53
92 6
63 74
64 23
34 27
64 14
49 62
52 0
43 92
8 88
80 20
50 0
6 21
64 60
96 9
91 41
76 81
86 25
83 28
9 78
29 84
11 20
78 61
33 81
60 82
36 35
40 88
62 92
71 20
27 68
60 15
6 29
66 88
1 43
6 75
17 33
20 0
58 0
42 63
33 8
17 51
95 66
29 13
8 73
5 52
23 39
51 95
65 0
46 11
32 80
39 27
43 45
22 99
37 20
65 37
42 20
15 94
98 83
40 61
27 96
60 72
66 77
58 65
36 64
62 80
45 21
44 16
69 91
44 66
65 42
66 94
36 29
44 68
0 86
12 22
96 29
57 34
70 53
50 75
40 41
35 39
75 20
24 4
95 14
22 26
33 66
26 30
12 55
55 77
41 93
23 89
62 91
89 46
7 97
30 11
69 41
80 34
11 21
74 88
85 98
94 55
45 22
92 16
24 55
66 85
51 9
31 77
20 33
80 21
18 50
3 89
85 21
54 76
31 47
55 90
45 66
7 43
33 34
7 33
34 85
48 50
91 43
35 66
52 6
40 0
72 77
57 8
16 3
37 98
56 2
70 98
52 55
37 69
94 97
21 5
5 37
25 2
72 4
67 54
1 23
6 15
92 59
8 1
82 40
89 23
93 89
79 54
85 47
10 81
6 36
57 10
4 70
49 38
92 80
29 47
32 2
96 72
16 20
50 79
20 76
59 27
69 30
47 63
10 76
12 4
71 44
13 11
20 83
8 5
52 60
62 21
49 73
68 9
73 46
57 1
1 15
74 67
56 11
57 7
57 82
39 2
69 19
15 31
80 25
99 66
58 35
75 89
81 4
70 80
99 54
14 34
55 26
1 34
95 12
82 6
34 92
50 78
78 62
72 50
99 96
83 59
10 82
0 28
8 74
63 6
19 13
17 73
81 76
9 8
84 62
21 75
5 46
28 37
93 68
62 11
97 35
30 32
65 15
72 36
1 70
10 83
4 95
75 77
51 89
26 51
30 96
57 9
56 63
77 97
42 26
51 58
4 0
16 21
91 56
41 32
44 93
84 39
89 77
50 73
32 70
26 15
85 69
82 69
62 14
86 74
95 5
59 60
6 62
33 99
85 7
93 26
38 98
6 38
23 85
90 85
66 37
75 55
17 10
35 63
10 99
66 29
87 83
27 36
23 83
21 22
42 28
93 12
45 40
23 71
75 0
96 34
77 71
97 19
73 89
64 79
62 28
7 61
45 7
72 61
56 16
51 22
1 59
81 65
58 1
97 15
26 7
59 78
64 40
61 97
75 1
68 64
2 53
39 49
20 50
4 53
13 91
45 92
13 14
66 54
66 14
28 97
47 69
81 90
39 94
64 20
0 78
70 30
28 64
11 94
49 47
88 12
92 87
38 60
57 66
65 20
13 36
40 86
80 51
5 16
12 58
44 15
54 48
72 46
67 31
66 11
98 90
27 34
44 41
53 77
28 92
98 22
66 80
7 2
39 87
71 34
94 78
45 94
60 25
65 3
30 99
67 55
51 31
15 33
26 0
43 52
9 67
87 86
43 38
47 73
73 58
48 85
42 4
83 44
43 10
23 46
73 24
22 2
77 75
66 2
44 78
0 73
31 44
3 0
40 53
60 19
5 61
85 49
77 34
5 58
5 51
23 98
14 7
38 24
19 92
21 9
6 73
39 59
94 42
15 38
17 20
4 98
94 56
23 59
22 66
88 82
87 57
67 44
71 31
32 16
36 51
53 66
22 80
72 84
52 20
96 30
45 98
23 57
56 86
86 28
89 40
16 43
36 72
30 42
50 1
53 78
13 39
11 79
86 17
59 6
89 44
59 84
48 98
11 14
15 57
66 10
76 60
19 57
69 2
32 46
75 2
75 73
88 34
19 85
4 49
53 98
79 34
46 6
71 1
6 94
18 79
72 1
91 70
9 69
31 10
67 41
73 99
21 69
52 83
30 78
27 39
83 62
34 65
3 68
76 52
5 14
91 28
20 30
59 40
34 16
36 2
81 6
47 68
37 31
32 72
10 25
79 68
70 46
82 85
49 43
19 97
9 89
28 67
13 98
81 72
46 20
27 37
4 7
84 75
79 31
14 37
89 98
92 51
61 37
91 54
45 44
67 49
39 56
54 14
32 28
11 77
60 88
65 81
33 51
69 42
6 80
81 42
7 9
1 56
24 14
85 33
67 1
96 38
10 88
6 13
74 23
44 43
20 27
58 23
99 29
86 6
57 77
45 38
2 70
29 32
99 82
30 52
97 0
44 10
98 66
48 74
64 78
96 5
24 47
11 66
71 0
13 24
38 29
28 60
93 66
12 20
15 35
42 88
68 72
27 18
79 84
76 12
83 27
49 85
54 50
79 79
56 12
48 20
4 97
94 88
53 58
54 37
84 20
71 58
85 0
10 37
71 97
9 96
2 59
70 94
52 74
61 6
31 4
43 32
87 38
96 27
34 1
28 76
59 68
15 55
71 24
73 96
21 36
29 77
4 29
97 98
68 68
39 82
61 44
98 14
76 98
33 91
5 97
32 18
24 44
43 54
58 44
69 55
18 58
61 66
11 15
50 51
94 1
37 17
46 61
39 29
35 60
36 12
61 56
0 24
60 51
74 42
24 15
63 56
29 70
27 53
63 83
34 62
74 72
54 90
65 91
39 11
31 87
88 30
83 76
71 10
8 15
75 99
75 53
46 99
79 87
92 73
45 37
44 46
95 83
87 35
95 30
86 80
15 81
38 72
71 75
24 52
92 96
83 24
75 31
51 61
43 14
98 62
6 67
28 4
34 99
38 92
36 16
16 92
53 48
30 6
81 10
92 88
54 40
56 94
78 63
86 18
34 28
93 49
3 6
9 70
56 69
59 54
21 95
1 30
13 74
5 53
55 85
2 81
7 18
33 59
67 27
95 48
78 93
26 84
51 48
74 97
36 20
62 36
63 91
42 23
33 47
72 63
27 42
74 68
95 43
24 76
84 4
14 55
21 39
46 75
47 95
63 5
96 33
97 67
97 72
94 92
92 5
28 84
61 61
71 56
43 81
8 19
35 94
80 57
32 9
44 8
16 6
75 23
91 78
41 44
2 82
18 5
38 65
22 8
73 38
41 64
90 25
76 46
99 86
37 12
33 74
40 39
55 65
84 66
1 82
77 53
52 43
69 79
50 27
51 38
48 89
67 63
68 97
63 47
90 98
95 92
7 12
71 68
85 89
70 66
80 2
73 75
27 40
50 14
56 81
88 27
50 16
50 32
38 78
69 90
95 27
16 10
39 89
52 68
64 26
7 66
92 57
6 88
65 21
20 49
61 11
41 20
86 40
85 44
80 0
39 28
51 42
16 42
6 4
5 44
33 28
52 27
29 34
90 29
50 7
47 15
84 93
92 47
60 98
25 9
87 18
24 24
9 99
84 89
21 42
14 16
68 0
46 2
3 24
44 58
93 38
55 60
76 32
32 97
64 98
69 85
51 72
5 0
77 87
42 54
9 2
62 19
97 48
75 56
76 3
29 19
0 13
56 14
10 14
53 38
55 7
66 74
0 76
17 32
19 8
48 10
14 99
3 99
62 34
95 58
49 19
19 95
3 2
46 98
49 16
39 83
75 13
36 93
14 20
59 8
52 92
84 87
24 29
80 87
52 67
31 24
92 4
29 61
98 77
41 99
42 14
90 78
37 25
22 21
83 93
11 33
53 26
8 85
30 81
0 35
66 75
88 36
37 61
89 9
88 98
46 1
17 37
90 38
75 35
47 96
48 96
82 37
38 41
15 92
3 79
23 81
81 13
62 43
6 99
92 85
41 45
80 91
24 75
92 37
20 22
90 22
16 67
15 27
32 81
7 7
18 82
88 80
48 40
91 67
54 23
0 36
8 97
43 78
97 30
13 59
63 38
19 94
3 22
92 75
12 60
35 62
39 84
41 47
91 69
22 79
71 64
10 18
50 55
39 81
79 19
18 91
79 1
6 48
86 51
79 66
47 82
11 34
18 47
79 93
42 52
5 43
88 97
97 95
91 68
55 59
81 31
32 34
45 36
86 37
69 1
63 75
83 58
30 56
77 78
0 58
80 22
9 3
53 10
52 17
38 91
37 81
0 60
1 73
60 55
83 31
11 11
14 46
96 31
66 6
67 93
38 69
40 94
31 75
87 17
12 17
52 30
42 39
71 86
17 92
57 39
9 44
95 23
66 82
88 33
7 68
60 89
73 53
21 20
20 42
47 70
30 37
78 39
55 55
42 72
53 76
5 57
6 32
77 38
7 1
76 43
47 49
34 15
2 22
19 91
70 96
10 3
71 84
16 83
39 45
1 36
58 9
34 60
57 70
52 87
51 7
15 61
60 3
19 38
88 68
81 84
53 33
91 35
43 39
31 53
79 42
70 11
1 12
6 57
71 14
9 37
49 30
90 69
4 39
71 35
95 80
62 79
73 94
26 21
74 62
11 5
11 6
93 13
46 33
84 84
42 46
75 81
92 40
43 12
99 20
58 15
5 71
48 58
52 75
96 51
85 1
57 85
51 51
52 78
14 28
80 75
16 39
62 63
98 7
45 31
49 53
9 31
4 47
47 86
89 97
77 31
10 61
73 82
48 1
97 20
37 28
98 31
16 15
26 69
78 44
49 14
83 11
92 30
64 32
98 57
97 81
60 60
80 58
36 53
9 53
33 32
25 66
73 47
0 93
48 39
96 96
1 97
45 14
27 72
29 97
76 57
24 45
80 77
93 79
75 9
42 79
16 22
87 13
44 87
2 97
47 29
40 2
26 16
56 97
61 64
37 1
58 95
74 15
49 76
4 87
67 95
55 64
71 88
61 20
6 33
45 72
15 96
49 31
57 98
46 18
19 60
86 86
86 58
53 71
95 77
90 64
21 74
32 82
46 46
5 12
42 22
81 5
88 85
17 8
46 71
80 49
53 92
15 21
79 29
15 49
95 19
52 56
15 45
44 38
9 28
44 98
60 97
51 29
4 54
23 3
65 67
29 37
28 80
61 52
30 50
49 41
95 45
50 35
69 37
51 16
85 70
16 55
11 75
35 45
62 13
33 21
19 4
75 64
56 95
39 4
85 83
11 0
79 35
76 55
35 90
36 44
83 41
83 60
74 78
74 73
16 56
81 86
80 61
0 53
57 0
38 52
32 1
90 11
83 61
33 93
52 66
69 24
14 70
42 7
90 63
17 59
17 0
61 15
63 39
72 33
77 77
50 64
47 78
30 48
20 92
44 40
20 84
78 56
40 36
73 37
87 44
40 63
89 72
97 6
24 5
76 44
45 61
44 29
37 58
19 50
35 6
47 83
42 34
31 72
11 42
85 24
69 28
61 13
88 1
96 75
36 62
49 71
82 75
72 29
19 33
0 83
8 8
61 25
87 65
62 17
39 66
51 88
28 27
76 27
97 84
81 44
58 24
75 51
91 17
11 97
89 5
3 67
1 0
96 17
64 66
53 24
31 97
24 21
51 32
64 9
24 89
29 3
92 1
6 83
17 99
13 80
4 40
79 43
34 36
73 7
84 19
65 40
78 94
69 16
27 55
9 56
53 60
64 44
68 40
55 27
37 49
23 20
26 91
53 40
82 65
7 31
27 71
40 22
14 5
9 40
22 63
28 98
72 43
47 21
13 68
69 83
91 13
60 24
96 23
20 28
35 95
63 42
76 86
56 82
84 70
40 57
46 82
24 33
4 94
71 67
80 99
90 18
2 24
67 47
6 93
50 65
16 44
35 82
26 20
92 83
18 63
71 7
51 97
73 18
92 31
81 52
89 60
19 32
78 27
69 70
15 13
40 90
63 53
17 9
33 64
59 89
21 30
92 29
40 30
45 34
99 92
48 65
66 8
41 4
38 62
79 53
63 29
10 40
24 82
87 73
77 23
89 95
94 71
25 25
18 95
92 95
82 81
59 66
35 4
82 96
58 51
44 32
76 6
45 0
46 63
70 58
27 97
37 73
53 30
29 86
95 4
87 99
32 10
44 12
49 84
36 56
72 66
89 90
65 63
91 83
0 44
47 37
56 71
9 38
2 39
35 22
37 35
13 94
7 0
73 59
66 28
28 47
13 23
79 69
8 39
84 28
40 9
64 5
51 53
63 52
70 38
47 58
37 36
54 88
12 75
9 20
42 43
12 54
35 58
25 43
8 82
24 17
47 90
87 19
85 37
71 53
77 62
37 15
0 77
65 26
64 57
68 82
84 17
75 59
13 90
0 52
71 57
25 41
82 29
46 38
87 49
99 14
35 88
3 93
57 73
95 37
62 87
1 89
44 20
11 8
49 15
45 96
99 0
95 81
17 89
24 43
27 65
1 29
37 55
68 93
10 49
2 84
65 39
97 36
85 17
36 94
61 46
20 87
53 91
93 54
65 71
37 41
47 55
6 56
13 92
79 86
97 32
42 8
41 95
51 24
52 12
88 71
20 15
65 35
49 68
27 64
72 13
25 92
87 81
1 52
39 96
59 1
76 99
77 4
8 9
88 64
66 93
23 40
96 93
62 85
90 8
74 81
54 27
74 87
44 48
14 12
39 54
30 57
33 5
62 99
79 44
64 11
11 71
82 67
4 74
13 2
47 11
86 26
3 88
36 86
98 38
55 62
52 10
60 28
45 75
21 81
30 2
43 62
64 37
14 31
91 86
13 17
77 80
75 54
25 80
34 44
32 14
2 9
53 95
74 89
57 16
32 61
28 56
43 55
93 77
11 98
64 12
10 87
5 45
92 43
58 58
90 97
94 5
6 14
7 8
79 36
1 91
1 48
55 79
32 33
68 96
78 5
12 32
64 59
80 47
32 45
46 47
2 31
5 5
35 13
4 14
68 1
31 29
31 33
64 8
23 31
5 55
10 93
15 53
78 57
36 6
51 37
56 10
74 80
46 58
65 54
72 39
36 27
36 13
79 78
96 6
73 97
32 54
75 49
25 69
77 32
40 81
28 71
84 58
62 94
71 79
61 51
7 21
61 48
55 68
89 11
33 20
42 86
40 80
1 4
42 94
71 6
53 93
60 54
51 8
54 42
44 96
75 85
6 10
48 14
78 13
88 49
90 68
24 12
0 98
87 6
25 16
50 67
38 90
14 10
4 64
1 1
92 45
22 62
13 31
25 91
46 86
66 47
93 83
80 89
4 25
0 20
37 18
51 3
82 27
88 67
50 36
7 60
0 26
1 57
53 52
96 80
1 18
69 86
78 3
77 84
80 39
27 85
89 33
64 95
7 32
7 3
54 6
30 44
63 45
70 21
24 71
29 17
60 52
96 20
68 35
75 3
98 79
53 3
55 78
73 6
4 69
7 55
59 44
21 55
27 69
81 7
38 26
95 91
32 65
83 57
95 22
1 94
33 0
91 20
39 92
43 50
42 73
54 41
9 79
60 65
25 20
43 11
62 73
37 9
5 95
84 79
76 73
2 11
26 39
97 55
94 79
57 76
99 7
30 55
74 49
10 24
60 69
22 60
56 91
81 57
84 53
9 82
40 18
6 6
47 40
88 61
82 3
99 63
66 81
21 8
91 82
74 58
96 7
70 41
4 59
45 5
45 16
87 45
22 89
59 12
8 81
87 1
26 12
99 44
37 52
22 33
43 35
48 88
74 95
77 60
18 6
47 26
58 89
44 94
38 20
86 31
23 66
35 61
62 53
25 58
85 80
71 48
2 64
78 32
56 25
20 98
7 40
32 79
98 85
89 85
33 75
14 36
25 93
94 76
94 62
12 57
27 84
81 93
28 35
36 57
13 32
88 40
28 53
29 11
96 43
16 76
71 72
34 63
89 39
37 2
23 2
19 56
78 29
87 5
16 32
5 8
44 73
21 96
89 61
15 47
18 2
12 8
50 4
54 63
33 11
85 6
34 7
73 63
2 17
61 22
38 51
42 58
21 34
76 68
91 64
94 23
84 92
83 50
26 25
50 46
5 25
26 41
39 24
85 59
57 27
42 70
21 68
86 78
91 95
46 4
50 89
30 28
80 81
70 99
63 33
78 38
2 19
73 19
36 42
96 85
60 61
75 27
57 79
85 42
99 9
25 24
47 5
34 67
76 84
47 60
26 28
97 58
32 86
75 43
8 29
20 67
17 3
48 24
55 9
79 49
51 83
71 19
16 81
37 99
8 77
63 50
39 70
58 27
70 29
36 32
20 38
37 54
9 63
39 20
92 8
6 74
35 28
9 66
49 83
70 0
85 87
72 32
10 30
59 47
14 38
46 3
78 12
65 24
79 48
91 90
68 10
93 76
57 80
77 51
91 84
20 39
85 72
33 54
84 56
59 49
94 66
18 70
69 61
28 99
44 85
84 0
38 35
21 49
21 10
41 23
22 90
25 3
85 78
92 44
57 83
45 89
99 40
97 43
8 90
93 36
44 0
66 12
44 49
34 81
86 87
16 72
44 81
76 49
7 70
91 2
60 45
66 15
47 72
91 9
19 90
24 28
29 82
14 33
16 19
46 29
29 73
37 32
62 52
14 88
73 45
64 6
64 83
59 77
30 97
75 92
13 95
52 14
11 24
55 75
8 95
67 33
69 57
86 33
48 46
93 53
29 4
44 18
15 87
32 24
66 79
34 39
74 19
17 5
7 47
75 84
50 19
98 93
36 78
54 15
56 46
66 24
13 40
73 61
3 4
57 62
41 69
7 52
55 28
70 90
88 9
34 2
67 2
81 25
81 48
22 65
9 60
37 92
35 12
42 36
1 21
59 36
17 12
63 4
90 79
16 86
16 1
14 69
27 23
58 92
74 29
75 28
13 0
86 34
5 82
5 13
45 65
82 47
34 31
99 33
72 2
49 67
92 41
6 47
57 20
96 76
57 94
93 33
48 90
30 73
74 63
80 88
50 37
91 87
62 26
11 22
56 41
23 7
88 55
24 61
76 48
40 44
62 75
23 87
63 22
65 78
39 35
84 80
23 86
68 7
34 4
44 79
15 52
43 46
56 49
17 68
46 65
32 53
17 78
0 97
77 6
31 61
52 13
44 89
93 75
90 26
85 2
46 64
32 55
1 84
65 83
49 93
64 45
90 21
96 25
32 98
53 80
22 39
6 84
50 43
33 86
72 78
8 33
70 27
6 2
1 14
84 95
39 7
60 4
78 24
10 32
93 35
15 56
69 97
41 53
43 91
88 37
47 8
19 79
89 62
26 66
65 27
17 56
72 9
90 4
33 40
29 80
31 54
98 73
89 88
68 19
41 96
95 94
18 92
16 82
55 46
67 38
0 66
26 38
46 26
80 29
15 32
99 93
16 75
31 84
95 15
26 37
74 3
9 34
39 44
22 95
52 61
70 50
72 3
1 26
79 5
18 49
56 66
70 62
28 16
54 22
91 72
14 3
15 64
84 97
7 44
73 48
99 89
67 91
19 27
50 31
61 74
89 26
15 89
0 40
72 38
19 23
25 78
66 71
62 2
23 9
53 44
31 26
83 79
84 61
63 40
89 54
32 96
36 14
45 77
47 36
82 41
25 44
14 13
43 29
37 82
30 5
31 49
25 33
54 12
68 17
88 66
9 18
23 35
83 43
54 65
11 70
93 46
31 73
65 51
75 30
28 9
81 28
45 73
88 79
82 4
10 65
35 68
48 57
79 98
3 14
33 73
34 5
33 50
98 87
12 68
82 99
8 89
46 32
77 88
17 97
44 65
50 80
28 63
52 33
24 40
86 82
31 91
76 40
44 95
90 41
11 9
91 21
6 58
6 92
74 7
81 95
70 24
67 83
63 72
26 87
68 42
6 44
11 3
64 55
86 97
47 76
22 78
25 53
45 83
37 16
86 57
16 97
16 73
97 82
36 80
79 47
85 86
13 38
61 78
34 87
1 61
99 21
11 32
59 33
55 12
20 19
96 15
56 89
48 81
30 98
94 82
30 83
23 22
32 91
35 21
55 5
17 11
80 36
92 25
3 84
92 22
21 73
93 96
13 60
41 26
81 54
56 58
47 6
79 17
3 87
75 12
28 5
67 4
63 27
16 94
41 48
78 53
23 92
51 60
51 52
65 2
14 71
18 17
91 22
59 92
82 64
44 90
3 98
14 84
41 89
47 94
31 38
34 51
79 85
45 56
10 84
58 26
2 7
61 53
77 42
40 12
88 87
66 61
60 40
94 96
66 44
5 72
73 84
53 74
99 70
37 11
84 3
59 46
73 70
49 2
29 44
89 94
99 61
22 1
89 65
0 6
65 17
70 52
20 58
24 31
1 86
6 26
57 99
18 84
51 39
93 87
79 59
53 88
39 3
38 46
71 81
41 6
35 47
13 47
48 8
27 45
83 16
14 40
78 67
97 5
72 62
69 58
41 63
9 58
61 39
37 57
67 36
80 19
19 81
59 18
8 22
70 54
26 18
74 9
96 58
37 60
68 26
41 40
13 99
29 64
43 75
52 15
10 44
93 84
76 33
78 90
96 52
57 40
47 1
21 6
75 65
56 61
29 88
30 51
86 55
60 67
2 56
46 5
63 89
81 19
50 63
94 18
76 4
10 22
48 18
11 46
0 90
49 51
13 35
93 99
62 23
22 28
85 20
92 34
83 4
66 59
22 31
30 62
59 98
78 34
90 28
31 98
96 28
48 55
50 90
78 16
37 53
87 62
36 47
8 20
63 14
90 30
13 30
44 91
72 75
8 68
13 5
38 0
46 78
63 9
4 33
86 8
69 39
27 29
40 8
6 25
68 80
75 41
38 63
60 8
40 56
65 6
45 15
27 61
10 20
93 62
25 64
81 83
78 25
30 77
72 22
19 77
96 21
38 16
82 45
37 43
18 33
5 81
92 93
58 79
64 24
21 11
48 62
11 51
94 40
49 92
58 34
83 19
30 88
83 39
83 82
96 14
37 44
1 74
12 84
11 7
51 73
76 75
9 75
44 60
54 21
56 0
21 64
69 0
29 99
6 30
24 46
68 15
86 13
34 74
71 94
27 25
0 17
29 9
97 96
99 19
72 20
53 17
51 86
69 63
42 96
78 88
96 69
34 12
98 69
83 49
15 88
60 14
84 22
67 77
73 52
20 70
7 72
76 96
97 97
40 20
30 92
62 16
72 25
54 71
62 8
41 90
45 41
38 86
31 22
89 21
3 55
35 48
81 68
53 90
81 49
98 21
49 80
76 17
92 72
89 68
57 84
18 13
93 55
94 35
39 67
88 84
40 24
20 44
40 85
28 2
75 75
3 47
64 77
41 60
70 73
81 24
40 14
47 20
67 96
62 77
52 32
25 83
93 60
12 96
48 32
0 39
98 61
63 71
58 99
24 63
94 12
59 67
41 59
74 56
29 43
59 99
39 21
59 34
51 93
21 26
62 33
63 21
25 95
5 26
98 36
5 41
84 64
77 43
68 69
50 21
18 42
9 54
96 83
17 91
84 90
19 15
7 20
92 21
65 12
49 26
97 91
73 81
15 14
25 36
44 56
93 19
84 88
31 62
46 88
69 6
86 64
55 42
89 51
47 44
7 83
32 11
37 29
79 63
59 25
29 89
61 31
17 87
31 80
22 57
42 68
29 21
55 48
93 61
59 22
50 97
30 12
59 26
1 7
5 6
6 54
5 36
74 53
21 89
27 3
97 68
45 57
24 36
46 81
67 14
97 54
37 75
51 21
32 87
13 62
30 3
5 88
3 82
97 78
75 34
64 85
90 15
67 72
52 90
91 48
82 74
9 48
50 84
36 97
49 75
80 46
20 79
74 4
2 77
45 42
31 81
86 88
85 5
93 56
19 46
6 42
59 2
86 19
56 33
91 81
76 83
14 29
68 31
56 68
75 95
12 21
43 72
98 41
59 96
32 60
73 65
21 45
69 21
18 85
1 49
54 34
65 11
78 86
0 84
61 80
50 50
60 29
89 99
27 2
9 50
77 44
80 12
68 34
25 30
2 35
16 27
44 76
82 46
64 28
51 27
76 18
98 58
25 67
70 77
79 46
47 50
40 21
52 95
55 14
81 94
5 87
51 54
29 90
86 54
94 52
16 71
83 89
98 94
18 93
5 96
2 83
95 99
65 9
16 51
78 1
99 67
5 10
85 10
76 90
17 85
67 56
63 10
87 71
78 55
28 59
90 65
11 13
25 29
4 15
51 19
74 2
34 30
41 34
36 3
86 62
41 16
39 14
54 52
79 20
95 52
99 27
67 73
36 95
53 18
98 71
46 34
44 9
8 11
74 25
12 27
90 76
55 61
12 30
54 86
81 81
63 81
69 62
1 63
98 89
68 2
36 31
34 13
12 83
64 61
40 64
52 41
47 74
33 23
89 31
55 52
56 34
23 15
7 63
41 18
15 73
40 76
55 17
80 13
77 13
3 18
1 81
91 39
99 91
50 66
53 37
74 84
95 71
99 38
27 75
93 2
62 81
77 7
33 88
54 16
14 92
5 27
36 79
92 66
64 33
77 67
87 98
74 16
91 74
70 28
56 96
71 65
95 1
42 84
44 69
68 67
83 36
25 76
16 16
15 4
44 25
11 19
93 41
90 31
10 36
46 45
89 59
91 25
55 63
35 91
18 89
90 74
66 0
29 30
79 6
3 42
97 39
80 7
56 18
38 84
78 17
38 18
73 23
40 99
14 60
67 51
35 20
79 57
9 46
8 49
71 42
16 47
72 19
99 72
94 31
72 7
65 46
20 10
82 32
5 93
59 79
14 52
2 62
23 32
19 20
61 84
69 17
85 92
96 54
11 56
37 80
44 62
7 94
87 97
6 16
29 20
8 40
72 8
62 82
87 91
43 24
79 10
40 95
62 30
52 29
52 64
2 87
69 33
42 83
0 34
98 48
25 96
89 38
58 45
20 36
68 28
87 90
78 46
65 16
20 97
67 3
0 0
14 86
13 53
56 37
40 38
55 2
23 95
56 22
36 96
14 24
89 52
64 51
17 24
17 95
62 89
7 81
1 17
42 42
71 90
40 43
30 22
73 11
95 25
1 65
70 13
17 84
62 15
19 61
41 94
44 47
28 87
85 65
95 67
21 63
97 47
82 95
32 8
91 85
12 76
11 40
58 8
41 73
74 1
83 99
14 22
54 39
61 92
5 7
46 92
6 50
58 46
48 77
87 66
88 89
86 39
92 35
79 77
32 0
98 40
55 76
37 0
1 22
5 42
57 74
37 45
31 57
99 3
73 86
97 86
34 88
51 43
29 16
29 59
77 99
13 43
15 54
93 73
57 2
25 72
82 19
50 88
66 83
12 77
24 78
31 94
17 29
76 37
62 9
49 90
75 70
36 98
28 8
82 23
96 40
85 27
9 43
50 71
89 32
1 33
70 35
74 0
8 58
75 66
12 97
18 68
33 43
32 52
55 93
2 2
6 3
17 44
68 30
76 95
43 64
74 44
44 70
88 41
22 30
84 50
70 25
39 74
88 72
89 42
65 82
88 14
33 42
54 10
47 48
55 97
82 62
68 49
30 71
49 1
68 20
84 38
35 29
55 29
81 70
40 3
54 99
23 24
62 29
64 50
76 13
33 58
40 11
71 30
87 42
94 87
29 60
31 32
37 26
95 33
24 23
8 26
28 94
54 46
35 54
13 63
15 2
40 89
42 71
89 27
95 85
88 13
36 25
78 92
41 36
74 8
67 9
19 49
43 49
76 14
43 57
58 37
0 68
86 5
81 61
57 63
71 38
31 25
44 26
99 83
60 0
7 28
80 62
23 69
59 91
34 40
27 21
41 77
21 23
32 94
67 82
22 67
24 41
48 12
76 45
1 32
22 47
23 27
3 12
97 66
41 91
58 63
12 15
68 58
22 22
85 34
21 99
74 27
40 47
3 16
10 60
27 26
33 57
11 55
0 9
20 69
42 93
49 82
86 2
34 98
85 66
84 29
7 56
58 83
18 57
85 71
12 18
43 70
19 1
52 79
75 26
87 47
25 94
23 82
48 7
65 64
62 25
7 16
61 85
7 39
56 4
69 92
51 55
7 30
87 37
33 41
74 82
46 83
35 3
31 65
59 15
3 40
84 98
17 1
76 26
44 42
7 98
63 97
45 68
45 99
28 14
14 72
62 62
16 18
50 38
58 78
11 96
22 84
66 98
15 37
43 15
79 3
17 62
87 31
89 76
22 75
84 72
39 25
61 28
80 50
96 44
27 67
54 25
34 96
81 69
13 46
89 10
9 71
54 89
97 74
31 30
89 24
58 20
37 23
16 99
58 39
92 91
61 86
53 2
34 61
32 36
66 69
47 14
30 89
24 64
8 98
83 42
13 84
74 14
44 4
80 96
18 12
28 26
9 77
83 67
12 62
90 51
87 79
66 18
37 34
97 10
86 48
24 98
30 68
24 27
13 45
68 3
65 80
23 47
24 67
95 87
62 45
32 77
54 38
50 17
37 22
20 57
32 90
63 44
79 38
13 83
20 37
5 77
1 60
4 63
10 47
99 1
21 25
1 95
23 65
67 70
14 35
26 9
30 82
88 91
24 1
68 6
3 59
82 89
38 23
95 38
28 25
24 42
25 11
69 68
20 29
39 0
83 56
4 42
1 50
21 82
58 74
14 23
48 68
29 33
39 79
70 78
32 88
34 94
78 58
26 79
97 79
37 24
58 93
50 87
99 75
18 19
52 94
31 88
94 94
87 3
80 18
38 5
41 83
97 2
58 49
85 39
4 37
6 22
72 24
33 60
18 98
6 49
67 42
75 61
31 95
66 67
9 1
28 86
33 26
99 6
12 28
57 81
65 49
1 42
62 48
16 62
94 89
73 77
44 27
9 95
75 60
35 80
79 30
84 68
52 73
11 47
76 9
67 68
51 66
43 16
36 41
73 90
36 81
6 91
10 74
75 11
57 92
64 1
32 57
87 60
58 52
83 48
18 71
26 65
21 54
75 83
83 55
36 45
19 93
95 93
26 82
28 91
4 5
84 13
58 90
92 28
79 24
72 60
40 73
64 87
3 94
41 43
98 23
66 99
51 84
19 65
82 58
87 58
8 38
57 4
97 64
54 87
16 45
69 48
56 65
75 4
60 2
76 71
32 26
30 93
5 70
36 28
12 91
15 25
27 90
3 17
52 50
33 84
16 0
72 26
86 75
69 69
77 8
56 43
10 48
76 88
45 29
67 97
14 1
17 57
88 19
23 56
40 25
17 96
17 71
17 60
34 89
10 23
51 92
92 63
0 57
76 76
79 88
44 53
61 87
94 75
33 2
63 48
81 63
29 98
87 95
26 27
56 70
48 67
38 77
30 15
53 9
61 82
91 89
1 53
12 69
60 20
77 45
0 47
1 20
52 36
63 69
84 23
22 46
23 29
38 83
27 17
8 37
62 50
10 50
70 4
40 6
27 1
8 80
62 44
10 62
29 66
87 10
26 93
35 78
23 77
71 40
16 69
70 65
26 90
57 11
87 27
61 1
29 50
83 34
50 86
64 43
78 60
62 88
38 32
26 48
83 84
95 3
15 7
68 85
30 66
68 24
84 52
34 18
50 62
87 89
47 43
6 82
37 30
71 12
97 99
65 66
68 45
84 73
85 28
45 63
45 47
45 54
51 96
3 96
23 90
69 34
71 45
12 71
51 50
78 79
93 17
84 83
80 82
50 95
94 13
45 90
59 29
33 6
58 85
70 91
37 21
57 35
63 51
25 68
82 8
55 82
85 99
64 47
27 76
2 49
91 57
81 1
63 25
88 2
98 37
3 70
42 47
4 31
95 24
78 51
8 28
78 40
28 10
22 69
96 92
85 50
21 15
17 93
23 74
82 31
51 2
46 24
90 67
67 81
17 28
85 73
55 25
35 73
10 68
96 1
6 28
7 22
44 36
71 41
32 12
94 15
91 91
75 76
19 45
58 16
27 30
9 49
62 12
72 90
77 11
36 33
95 6
55 36
38 44
93 52
34 45
57 5
14 47
69 29
69 72
22 32
54 59
87 28
12 24
30 53
8 76
0 61
65 8
40 84
9 92
50 30
16 70
65 85
16 88
87 88
38 54
15 18
10 34
38 57
60 74
8 52
58 69
10 45
72 67
38 17
36 18
53 85
11 89
74 40
29 91
68 87
91 94
59 62
77 50
82 80
78 82
18 75
17 69
72 88
54 9
89 86
88 39
0 88
48 60
41 66
63 41
4 92
35 42
34 64
99 43
68 74
79 39
18 15
15 17
85 41
60 42
81 29
85 60
93 27
23 62
97 44
50 9
16 95
59 93
59 32
24 68
49 5
78 28
49 25
3 39
57 68
24 13
65 98
77 70
25 56
99 71
25 88
0 89
0 7
15 0
55 71
84 12
3 57
93 40
73 80
12 29
81 73
94 33
41 38
95 39
60 53
92 20
53 64
11 12
84 74
60 41
74 37
55 69
3 62
28 31
68 48
92 77
39 69
72 94
47 85
65 77
89 79
10 55
77 39
76 28
90 39
99 12
49 79
41 98
27 95
95 64
7 54
88 31
42 50
3 37
52 1
51 91
66 19
20 91
0 51
26 76
0 67
37 63
35 17
94 9
60 64
14 93
58 47
10 56
33 95
18 45
69 7
95 26
60 76
15 50
77 36
80 66
31 85
22 18
11 25
41 71
28 89
78 59
10 38
17 75
8 4
51 80
10 1
40 50
94 59
60 79
94 19
89 56
18 69
36 36
84 86
22 88
96 60
57 71
80 3
22 98
69 66
55 23
11 58
27 88
82 35
97 29
80 53
73 14
2 80
11 60
0 48
73 87
76 89
96 97
55 11
48 56
47 34
21 70
4 82
37 94
1 28
59 87
64 73
46 7
85 68
71 9
91 45
33 7
98 56
6 85
61 5
33 25
41 12
42 92
52 19
67 89
57 43
74 11
31 23
32 42
63 63
53 53
33 14
73 64
90 53
28 32
95 2
53 62
59 95
99 98
32 67
28 20
44 39
77 79
79 92
35 53
64 30
11 18
16 50
89 18
28 11
43 7
7 73
97 13
68 23
0 5
24 59
11 36
29 15
6 53
72 87
8 59
66 95
73 55
15 23
12 81
6 40
11 49
20 2
85 18
47 9
97 51
52 48
40 59
20 11
13 85
91 44
8 36
49 21
41 65
14 96
97 23
43 97
42 17
10 13
37 4
79 71
38 66
17 43
24 94
94 46
74 64
58 6
55 15
37 89
18 44
13 20
62 95
44 51
79 97
82 34
51 98
23 93
70 76
94 0
2 50
31 64
74 48
27 12
57 38
17 38
98 68
40 10
49 69
26 75
24 2
99 37
44 97
45 50
7 48
18 62
98 0
36 71
53 16
2 21
10 59
22 72
69 71
7 13
53 46
72 69
58 71
94 8
55 83
84 24
11 81
20 68
72 79
72 10
44 80
57 93
64 49
94 74
7 84
65 87
16 4
67 79
55 49
71 16
56 92
62 47
64 86
11 76
66 4
78 73
18 32
32 19
42 98
40 78
71 17
39 77
93 31
22 53
98 4
33 13
96 3
91 19
94 38
62 3
43 69
94 21
77 30
39 78
20 16
49 58
58 96
67 65
41 33
88 28
41 3
86 23
22 9
36 43
63 85
0 81
1 71
78 69
12 66
84 44
65 86
87 11
93 64
91 1
56 98
5 75
4 88
28 22
90 73
60 75
96 47
71 62
59 80
5 65
13 56
25 89
15 1
35 35
53 12
57 21
15 19
64 99
3 43
5 56
29 45
34 54
1 92
93 14
17 25
70 86
70 56
14 80
78 77
9 80
7 78
83 77
66 26
73 21
64 36
80 48
52 49
70 8
64 54
