50
1 48
15 8
18 25
20 23
1 41
41 35
36 27
41 0
39 44
44 15
17 3
16 28
1 7
25 11
30 29
28 8
19 29
13 19
24 33
1 49
22 29
3 42
7 10
33 40
6 19
26 6
34 29
43 5
43 39
26 28
36 6
1 10
36 9
47 35
4 4
35 40
47 11
16 2
33 47
36 24
38 36
43 27
3 35
25 48
32 9
44 42
6 28
13 26
49 1
25 49
36 29
35 35
25 45
33 44
15 11
44 47
48 0
40 32
46 10
14 42
28 44
4 41
27 10
40 23
43 45
6 36
5 49
18 18
3 16
14 31
42 19
13 24
1 16
0 16
40 31
41 20
1 12
31 11
2 45
32 29
14 48
19 47
49 39
41 44
2 28
12 12
36 1
32 8
22 3
39 42
18 41
48 45
8 7
12 29
16 49
5 18
33 2
1 2
7 22
37 28
16 47
39 3
47 24
1 39
6 27
33 27
23 24
23 48
23 0
26 23
5 39
7 26
16 6
39 15
36 43
24 0
16 29
24 20
1 22
44 4
4 32
17 43
45 32
18 33
4 15
12 36
16 25
15 39
17 38
32 19
27 33
15 45
10 21
24 40
13 6
36 5
25 28
21 7
2 38
37 24
33 48
34 0
45 1
15 44
23 20
19 14
29 35
25 10
13 8
4 9
24 14
6 43
19 46
5 33
17 18
37 22
48 25
30 18
22 8
26 42
4 21
13 9
6 31
6 17
49 13
8 9
32 3
20 37
28 42
34 26
45 48
14 49
31 35
21 17
22 28
43 13
8 10
30 20
37 39
49 5
2 20
44 11
31 4
30 10
20 46
5 3
12 42
47 16
12 47
14 22
9 12
13 12
1 19
35 29
36 31
31 31
39 8
0 24
17 4
32 37
33 49
16 26
10 19
0 27
28 11
12 16
8 43
27 12
18 40
8 36
20 10
19 40
14 19
3 36
29 30
5 2
46 3
7 42
11 12
16 20
40 19
21 12
31 44
49 8
11 20
2 39
24 27
31 22
40 27
4 34
9 32
41 16
45 29
44 39
37 25
41 11
48 17
41 5
2 19
11 24
5 43
2 37
2 17
8 26
25 33
38 13
29 18
20 40
37 1
46 33
37 49
11 48
27 49
42 42
30 6
26 5
39 31
46 17
19 36
11 45
2 48
48 40
14 23
11 13
0 35
8 42
7 36
42 43
26 3
4 29
36 25
24 16
6 29
15 27
45 33
14 36
0 46
18 15
15 35
27 43
0 6
49 18
46 19
39 48
11 18
1 23
48 41
29 33
49 26
44 31
32 11
16 48
1 4
30 48
20 1
47 44
30 33
25 39
3 45
34 25
1 30
40 41
45 4
46 39
6 12
28 32
34 4
33 35
13 2
32 21
23 15
28 35
19 7
13 44
28 5
18 3
31 6
45 13
41 49
2 44
15 31
44 7
31 43
18 31
15 38
12 27
38 9
49 3
32 41
6 42
42 0
41 18
46 9
33 0
24 8
23 44
11 9
21 23
12 46
36 15
8 37
28 14
38 28
5 13
46 45
5 32
15 14
16 39
3 20
21 30
14 27
47 27
49 27
1 45
42 14
16 43
22 26
23 10
34 39
9 23
22 9
19 32
25 47
47 1
32 40
10 10
27 29
31 23
22 40
34 31
7 37
49 0
35 18
10 20
14 25
0 37
24 15
26 39
40 0
2 33
29 21
23 1
14 30
7 13
25 20
20 39
3 29
32 46
7 17
13 4
0 49
6 8
47 47
42 5
35 31
9 13
7 38
49 7
6 47
27 5
39 11
15 13
23 8
0 21
9 29
44 3
3 46
37 32
38 35
2 42
35 27
33 37
26 47
33 28
44 43
47 33
39 14
24 19
1 6
6 26
44 24
17 31
21 5
20 18
44 20
25 7
12 18
21 29
41 17
25 34
25 27
33 11
9 25
15 47
13 27
46 5
36 47
27 34
29 24
26 15
44 34
44 40
3 37
24 24
43 12
41 26
16 46
40 10
15 36
33 38
34 40
39 33
3 6
49 40
43 30
48 30
46 30
9 39
16 1
25 14
34 36
7 33
33 12
4 19
44 1
29 16
40 33
24 28
14 26
40 47
48 42
18 20
4 35
9 28
46 38
41 42
47 37
30 13
25 17
45 27
0 11
12 7
30 42
28 38
46 22
49 34
43 41
13 18
47 10
41 48
42 23
24 18
13 0
18 17
23 30
41 21
4 1
29 23
6 22
8 18
18 48
35 21
3 8
5 30
17 36
22 46
7 6
31 33
11 2
47 38
35 14
24 48
6 38
20 35
42 37
12 43
41 13
23 40
26 46
12 10
32 44
49 48
33 22
14 32
27 48
27 46
11 31
13 13
21 13
21 8
20 30
42 6
18 36
41 3
39 0
13 32
30 2
26 7
27 40
45 5
35 47
39 36
9 38
38 30
26 49
33 14
39 10
30 22
17 15
2 18
21 42
43 9
36 18
12 35
31 42
40 15
25 41
11 3
24 9
28 36
13 30
33 4
44 12
27 37
3 39
10 3
9 16
37 47
13 40
9 10
13 15
4 31
11 40
40 3
24 38
35 4
22 0
46 36
13 23
6 39
44 5
49 37
8 40
40 11
1 21
18 24
40 29
40 1
14 20
47 17
27 30
34 14
24 11
25 2
39 18
42 2
18 23
20 21
49 24
10 24
42 41
35 36
47 30
15 28
21 19
15 48
36 12
26 8
1 17
19 37
30 0
33 26
18 47
31 10
17 41
17 9
5 41
14 8
30 23
25 46
16 35
45 3
5 23
10 2
32 45
39 30
16 21
40 25
22 6
21 25
36 48
9 19
46 40
27 9
19 18
30 36
7 25
40 16
29 46
13 34
48 7
6 40
39 38
3 5
33 24
28 30
42 25
7 2
33 32
16 34
11 11
15 32
10 35
18 37
29 14
37 21
36 10
20 24
49 19
49 2
39 9
17 7
18 49
24 17
6 44
7 32
25 1
28 10
43 11
29 45
13 48
33 17
34 33
42 38
19 35
30 12
37 33
40 9
32 28
18 0
16 13
7 4
39 17
49 31
13 39
18 5
34 11
2 1
43 8
28 3
49 16
25 4
7 44
43 25
23 49
26 10
33 8
25 44
44 13
46 27
17 0
19 24
4 0
21 21
9 4
8 24
1 20
30 28
1 8
33 21
38 15
45 18
14 14
14 37
4 40
5 36
27 25
45 44
41 43
6 11
46 4
14 4
31 21
28 28
35 5
9 45
38 14
19 4
23 23
1 28
21 32
30 17
36 32
40 17
10 1
36 8
32 15
27 41
32 12
7 19
22 38
34 27
3 22
27 42
10 16
7 14
27 28
14 43
2 3
39 46
17 21
26 16
4 36
27 13
16 36
2 10
44 23
8 45
0 32
1 32
11 29
35 44
15 16
22 25
5 46
28 18
28 40
30 41
34 15
27 24
43 37
23 45
2 26
28 6
42 29
11 44
11 19
7 29
38 42
38 43
14 5
16 19
10 34
6 25
25 0
49 35
13 47
49 25
21 46
18 22
3 4
2 6
13 41
4 18
23 6
39 25
17 16
29 5
16 37
28 0
15 22
24 7
47 2
14 40
27 32
30 49
4 48
12 39
24 6
5 45
19 2
46 48
41 15
5 44
28 22
21 9
20 31
48 48
21 49
31 14
9 37
8 38
21 47
12 20
46 24
3 38
41 45
43 22
38 8
43 4
44 18
11 36
9 3
23 19
30 7
18 9
13 3
7 23
32 27
8 3
40 34
45 12
26 2
29 3
47 15
2 43
18 30
11 28
7 28
25 3
0 36
31 27
35 37
45 40
9 26
45 42
25 23
15 46
9 41
44 16
9 40
11 16
27 16
11 34
46 29
0 5
32 42
19 38
26 43
14 33
26 32
15 5
41 6
2 32
49 22
34 48
11 38
22 4
6 2
5 15
45 47
43 33
47 20
6 35
38 39
36 41
17 49
2 46
24 42
28 21
9 31
23 3
10 39
20 15
5 40
28 46
46 47
47 3
11 22
27 2
35 23
20 49
17 12
10 25
37 26
16 11
26 11
26 1
24 32
29 40
6 5
37 16
14 21
24 4
12 19
37 14
20 36
46 44
0 14
47 0
31 24
8 2
49 38
40 43
47 32
30 30
8 16
35 43
0 34
22 20
19 13
29 17
30 25
23 31
0 30
16 10
6 45
41 32
2 31
15 1
48 20
17 20
2 12
17 8
38 31
3 30
37 5
45 24
32 35
37 34
8 21
19 49
23 5
17 13
29 10
25 19
12 28
1 25
25 32
33 39
2 49
37 43
3 12
28 2
16 33
34 24
5 42
0 28
48 8
21 28
42 33
44 27
43 49
10 9
48 9
32 13
2 23
20 22
1 37
10 41
2 24
42 10
17 1
26 30
14 16
39 43
48 4
42 4
8 29
26 22
45 11
40 36
46 23
27 19
8 14
5 47
49 21
8 39
29 12
41 9
21 2
16 42
23 9
35 17
20 33
22 32
6 21
21 43
34 5
20 12
15 34
37 6
45 46
47 8
9 22
42 44
25 12
14 44
17 32
48 33
22 31
44 28
30 9
26 45
11 37
0 25
28 1
13 7
5 27
17 26
21 10
27 20
48 6
20 44
16 31
0 8
34 2
7 11
6 7
32 14
34 1
48 24
43 1
31 41
48 38
22 47
2 36
44 2
13 31
4 22
7 3
0 3
10 46
31 8
9 20
14 24
41 37
26 19
2 35
16 32
49 14
28 19
5 31
25 29
18 4
25 8
36 30
28 26
8 4
21 6
14 18
17 42
9 0
32 32
0 4
41 29
22 2
36 4
10 17
39 27
27 8
45 9
43 43
15 49
9 33
41 46
13 43
34 34
23 16
28 27
18 7
34 16
3 9
28 7
32 26
8 15
22 44
10 8
12 40
37 44
45 14
34 20
1 43
4 20
26 24
11 47
46 32
13 36
2 14
15 7
4 23
31 0
41 36
6 13
18 35
42 28
0 33
5 12
32 39
11 21
40 6
22 37
42 45
20 16
7 41
36 37
14 2
6 14
47 49
31 40
6 32
41 8
22 1
38 47
33 23
10 33
38 33
27 39
26 25
7 48
21 20
10 27
1 9
10 29
21 36
27 18
27 36
42 36
23 43
15 4
37 41
42 20
19 28
43 16
43 21
7 12
38 10
20 26
30 5
35 42
18 6
3 41
29 43
11 25
38 44
1 1
30 3
15 20
20 8
23 25
37 31
45 21
9 5
0 45
31 28
44 26
49 41
35 22
10 42
21 15
35 48
29 2
14 47
6 18
24 47
11 6
28 12
9 2
8 1
29 6
26 14
38 4
41 38
48 43
48 2
5 0
5 11
0 12
43 14
25 42
29 31
28 25
20 4
48 36
28 43
15 18
46 41
35 15
5 34
29 25
14 38
0 7
12 0
37 27
5 16
36 13
3 31
44 49
21 44
11 41
29 19
11 35
49 30
43 35
36 21
46 25
23 42
29 9
17 47
27 21
10 31
25 5
39 6
33 46
29 41
30 31
47 42
14 6
12 4
35 13
18 10
41 27
37 19
38 19
22 13
0 29
45 49
32 17
8 47
5 9
18 39
8 12
2 25
37 13
19 43
19 17
9 48
12 8
33 16
24 10
16 15
18 16
13 33
42 16
2 2
37 46
28 47
0 2
39 29
40 39
7 46
31 29
8 34
16 30
2 34
33 30
8 35
15 33
22 41
39 39
39 24
33 3
35 45
4 8
45 20
10 32
41 40
38 46
49 46
12 49
6 9
4 7
41 41
20 7
43 47
24 13
2 27
12 13
28 31
44 45
47 45
15 12
42 32
15 17
43 44
40 38
48 18
44 29
7 20
10 7
39 1
33 19
19 5
22 21
12 15
47 9
40 45
10 36
1 24
8 30
3 11
27 35
22 7
32 5
38 38
43 17
19 30
39 41
37 0
28 39
3 47
9 6
15 29
8 31
32 0
21 26
16 0
24 22
48 47
40 21
44 46
22 33
27 15
7 21
20 17
19 21
42 34
49 12
22 39
4 10
19 8
23 26
24 35
45 8
48 16
11 5
27 0
30 38
48 46
8 0
23 21
13 14
22 45
6 4
22 11
17 37
13 11
46 18
19 27
5 22
5 8
2 16
2 22
46 35
5 24
43 7
23 7
6 16
43 36
34 21
35 39
2 15
44 14
16 38
17 33
35 16
40 44
39 22
45 38
37 4
38 40
3 2
3 33
16 45
2 40
18 21
4 25
12 3
41 10
42 26
20 11
23 17
43 26
19 42
29 28
38 1
19 26
5 14
8 28
45 7
6 15
17 22
17 10
44 0
30 46
28 29
6 23
7 27
24 2
8 32
20 28
19 23
30 4
47 39
39 28
37 36
46 12
15 19
25 43
10 5
2 47
6 46
11 17
0 40
37 30
37 8
36 0
7 1
48 44
32 33
1 36
16 12
43 18
