20
7 16
13 5
7 14
8 16
2 8
3 16
0 18
5 5
19 11
11 13
5 18
19 18
15 11
11 17
0 15
19 13
14 7
15 13
10 7
15 8
14 19
17 8
13 0
9 10
12 18
12 15
6 1
14 18
12 6
7 0
16 8
2 1
11 16
1 16
10 17
1 8
3 1
1 14
7 8
6 6
17 19
7 1
15 12
0 3
16 10
3 4
8 19
15 3
18 17
13 8
15 9
4 18
18 0
11 8
4 16
6 18
12 12
10 4
8 7
14 12
19 10
5 7
12 3
10 19
19 12
12 4
13 12
18 13
18 6
15 14
12 7
1 19
0 9
2 17
16 5
1 2
2 15
7 15
16 3
19 14
8 0
9 13
3 10
19 4
2 10
9 18
3 0
17 9
3 5
0 7
4 11
10 9
12 10
13 14
7 5
9 12
17 2
5 19
15 5
15 18
19 1
11 12
4 5
6 7
13 18
1 17
7 12
15 6
1 6
9 19
3 19
19 17
4 12
3 9
17 1
18 12
4 4
17 17
17 4
12 17
7 2
1 0
9 3
2 18
6 0
18 14
6 5
1 15
2 2
11 14
10 11
10 3
5 12
4 17
17 12
15 16
17 13
8 4
18 4
8 18
18 18
16 7
2 13
13 10
16 4
2 11
7 6
11 15
8 3
13 15
16 18
16 9
12 0
17 3
6 9
3 11
1 11
15 17
5 14
19 8
18 10
9 15
8 5
11 0
12 11
16 17
17 15
6 4
12 1
4 1
1 5
17 7
15 7
6 3
7 10
9 17
3 12
5 1
2 9
15 2
13 17
17 6
16 16
10 15
6 12
18 16
16 13
5 10
17 11
5 13
19 3
16 15
1 7
4 2
13 11
14 4
3 14
1 9
7 4
5 4
14 2
4 15
18 15
12 16
0 16
14 13
10 10
6 15
3 2
5 2
4 3
0 5
12 9
15 4
5 17
7 18
0 14
19 9
2 12
4 0
13 13
12 2
3 17
